112
315 248
345 199
393 164
441 166
487 165
524 180
537 212
551 241
554 294
514 324
482 354
447 370
412 380
383 384
365 383
348 381
397 395
440 417
467 440
487 464
492 481
486 503
475 520
460 531
432 532
403 524
386 512
374 496
362 482
351 463
343 443
336 431
328 410
324 391
324 372
322 344
316 315
311 283
306 261
294 227
282 212
263 210
243 225
237 241
238 267
240 289
240 322
239 349
243 375
250 400
252 421
258 444
265 465
271 481
271 495
251 519
227 540
205 550
177 560
149 563
127 552
111 542
103 522
107 498
119 477
137 462
159 448
179 434
198 424
215 413
191 413
168 419
132 421
112 413
93 400
79 378
68 358
56 328
67 295
78 268
100 253
123 251
140 247
171 257
205 269
223 278
233 284
239 289
246 392
257 440
274 496
278 517
299 533
326 539
338 535
355 518
359 480
334 416
326 368
305 252
278 213
302 176
328 137
337 114
346 104
357 105
368 110
366 119
363 131
353 133
349 128
356 118
